# The mean-activity when Ne/Ni=Wi/We
# col: eta = 10^-5 , ... , 1
# row: Ne/Ni=Wi/We= 0.11, 0.25, 0.43, ... , 2.33, 4, 9
0.    0.    0.    0.    0.    0.    0.    0.    0.    0.    0.    0.	0.    0.    0.001 0.001 0.001 0.001 0.001 0.002 0.003 0.004 0.005 0.006 0.008 0.009 0.01  0.011 0.026 0.043 0.054 0.068 0.082 0.094 0.107 0.119 0.128 0.246 0.354 0.455 0.572 0.645 0.746 0.832 0.917 1.
0.    0.    0.    0.    0.    0.    0.    0.    0.    0.    0.    0.	0.    0.    0.001 0.001 0.001 0.001 0.001 0.002 0.004 0.006 0.014 0.015 0.017 0.024 0.023 0.032 0.054 0.067 0.082 0.092 0.107 0.12  0.133 0.146 0.156 0.273 0.41  0.486 0.571 0.657 0.745 0.831 0.916 1.
0.    0.    0.    0.    0.    0.    0.    0.    0.    0.    0.    0.	0.    0.001 0.001 0.001 0.001 0.001 0.002 0.004 0.016 0.023 0.03  0.031 0.035 0.036 0.041 0.053 0.068 0.081 0.099 0.104 0.125 0.135 0.151 0.158 0.161 0.352 0.409 0.485 0.569 0.656 0.744 0.83  0.916 1.
0.    0.    0.    0.    0.    0.    0.    0.    0.    0.    0.    0.	0.    0.003 0.002 0.002 0.011 0.011 0.015 0.031 0.048 0.047 0.051 0.062 0.061 0.065 0.061 0.082 0.103 0.11  0.111 0.125 0.132 0.156 0.154 0.172 0.181 0.356 0.412 0.487 0.57  0.657 0.743 0.831 0.916 1.
0.    0.    0.    0.    0.    0.    0.    0.    0.    0.    0.    0.008 0.012 0.012 0.038 0.061 0.064 0.08  0.072 0.107 0.117 0.122 0.117 0.122 0.122 0.131 0.127 0.113 0.131 0.132 0.144 0.155 0.158 0.202 0.343 0.341 0.355 0.375 0.424 0.491 0.576 0.66  0.747 0.833 0.917 1.
0.    0.    0.    0.    0.    0.    0.    0.    0.    0.    0.    0.051 0.051 0.08  0.11  0.12  0.124 0.138 0.118 0.142 0.142 0.156 0.165 0.16 0.151 0.162 0.176 0.142 0.157 0.167 0.171 0.181 0.21  0.351 0.356 0.355 0.361 0.38  0.426 0.493 0.629 0.661 0.747 0.834 0.918 1.
0.    0.    0.    0.    0.    0.    0.    0.    0.002 0.    0.003 0.128 0.11  0.155 0.163 0.156 0.154 0.159 0.168 0.171 0.174 0.182 0.185 0.181 0.181 0.192 0.157 0.179 0.177 0.18  0.215 0.245 0.21  0.378 0.379 0.38 0.37  0.39  0.434 0.497 0.578 0.663 0.751 0.836 0.919 1.
0.    0.    0.    0.    0.    0.    0.    0.    0.    0.008 0.117 0.222 0.213 0.234 0.23  0.229 0.229 0.197 0.225 0.228 0.227 0.215 0.21  0.237 0.227 0.234 0.248 0.232 0.233 0.253 0.237 0.278 0.389 0.39  0.386 0.387 0.393 0.404 0.45  0.508 0.638 0.676 0.759 0.843 0.923 1.
0.    0.    0.    0.    0.    0.    0.    0.    0.078 0.208 0.21  0.251 0.217 0.211 0.205 0.203 0.2   0.234 0.234 0.279 0.241 0.258 0.273 0.271 0.244 0.265 0.255 0.242 0.241 0.249 0.259 0.271 0.277 0.343 0.409 0.411 0.42  0.433 0.478 0.536 0.615 0.708 0.781 0.857 0.93  1.